106
-11.814,4
0.0,29.9
0.697,29.9
0.781,29.925
0.0,29.925
-11.811,28
0.0,29.69
10.1303,31.4551
13.6572,32.731
17.1552,34.26
17.6002,34.466
20.1192,35.846
20.5322,36.088
22.5122,37.432
22.9082,37.718
24.6932,38.945
25.0452,39.252
25.4002,39.591
26.3942,40.627
26.7182,40.98
27.9132,42.476
28.0562,42.668
28.9742,44.07
29.2182,44.482
29.9073,45.742
30.1203,46.17
30.7173,47.477
31.2443,48.813
31.4103,49.262
31.8613,50.634
32.0482,52.475
32.0471,53.868
31.7609,55.774
0.0,55.774
-9.843,27
0.0,29.0551
5.8731,29.474
11.3901,31.094
15.4681,32.761
18.8701,34.339
19.6291,34.551
22.0701,35.96
22.1421,36.206
24.0571,37.568
24.4391,37.856
26.5162,39.397
26.8592,39.737
28.4603,41.125
29.7543,42.806
30.6413,44.199
30.8773,44.608
31.5453,45.857
31.7513,46.282
32.3303,47.575
32.8433,48.896
33.0033,49.341
33.4433,50.697
33.5743,51.143
33.6162,52.516
33.6072,53.892
32.9849,55.774
0.0,55.774
-5.906,29
0.0,28.17
5.8151,28.661
8.1972,29.375
13.2872,31.06
17.5862,32.792
18.4202,33.191
20.8892,34.418
21.3062,34.637
23.9943,36.075
24.3803,36.326
26.2293,37.703
26.5983,37.995
28.2843,39.543
28.6153,39.884
29.8433,41.271
31.0103,42.83
31.9473,44.328
32.1753,44.734
32.8203,45.972
33.0203,46.393
33.5803,47.673
34.0773,48.981
34.2333,49.42
34.6593,50.76
34.7873,51.201
35.1463,52.557
35.2212,54.373
34.8251,55.774
0.0,55.774
-3.937,28
0.0,27.1719
10.1602,29.277
14.7222,30.869
15.5772,31.197
19.3402,32.823
20.1502,33.234
22.5422,34.497
22.9462,34.722
25.5533,36.189
25.9253,36.444
27.7063,37.838
28.0623,38.133
29.6853,39.688
30.0043,40.029
31.1853,41.416
32.2573,42.895
32.5063,43.278
33.2113,44.457
34.0533,46.087
34.2453,46.504
34.7863,47.771
35.2673,49.064
35.4173,49.499
35.8313,50.823
36.3013,52.598
36.3643,54.391
35.9611,55.774
0.0,55.774
-0.0,36
0.0,26.145
6.6301,27.33
8.2951,27.876
9.6201,28.342
10.2731,28.588
11.6551,29.14
11.9991,29.26
15.3951,30.505
16.6531,30.994
17.0691,31.169
20.7311,32.853
21.8452,33.276
24.4873,34.576
24.8773,34.806
27.0743,36.303
27.7793,36.839
29.1453,37.973
29.4873,38.27
31.0463,39.833
31.3523,40.174
32.4863,41.56
33.5153,43.033
33.7553,43.414
34.4323,44.585
34.6433,44.984
35.2423,46.201
35.4273,46.614
35.9483,47.869
36.4123,49.147
36.5573,49.577
36.9563,50.886
37.0763,51.316
37.4113,52.639
37.4602,54.408
37.4022,55.774
0.0,55.774
1.969,33
0.0,25.5807
7.8062,26.799
9.2602,27.265
11.3142,27.996
12.2042,28.335
13.8902,29.043
14.6272,29.312
17.5502,30.452
18.7782,30.961
19.1832,31.142
21.9742,32.495
23.1262,33.094
25.7392,34.654
26.1142,34.891
28.5563,36.416
29.2343,36.96
30.5443,38.106
30.8723,38.406
32.3673,39.977
32.6603,40.319
33.7463,41.704
34.7333,43.171
35.6123,44.713
35.8143,45.109
36.3883,46.315
36.5663,46.724
37.0673,47.966
37.6533,49.655
38.1543,51.373
38.1472,52.679
38.0982,53.987
38.0911,55.774
0.0,55.774
4.75,33
0.0,25.0131
7.5842,25.925
10.8412,26.976
11.5182,27.213
13.7832,28.077
15.8662,28.984
16.4872,29.221
19.3462,30.399
20.5422,30.928
21.7362,31.516
23.6482,32.511
24.7612,33.131
27.2832,34.732
27.6442,34.974
29.6732,36.528
30.3232,37.08
31.5772,38.24
31.8912,38.542
33.3202,40.12
33.6002,40.463
34.6382,41.847
35.5802,43.308
36.4212,44.84
36.6142,45.232
37.1642,46.428
37.3342,46.833
37.8142,48.062
38.3762,49.732
38.8572,51.429
39.1652,52.72
39.1041,54.01
38.757,55.774
0.0,55.774
10.271,36
0.0,23.54
6.5871,24.129
7.6741,24.43
9.5591,25.009
11.7561,25.734
14.6261,26.761
14.9451,26.886
17.1631,27.815
19.4172,28.747
20.1142,29.039
22.8422,30.294
24.0191,31.061
24.7741,31.485
26.5671,32.543
27.6031,33.203
28.2881,33.683
29.9361,34.887
30.2681,35.141
32.1251,36.753
32.7181,37.32
33.8581,38.504
34.4051,39.123
35.4381,40.405
35.6931,40.748
36.6321,42.131
37.4841,43.58
38.2451,45.092
38.4211,45.478
38.9191,46.653
39.5101,48.254
40.0221,49.886
40.4621,51.542
40.7401,52.8
40.654,54.056
40.2799,55.774
0.0,55.774
15.792,35
0.0,21.9094
6.8113,22.497
10.9783,23.607
11.9203,24.004
15.4023,25.206
18.5793,26.428
18.8923,26.562
21.0683,27.554
21.3743,27.704
23.2733,28.552
23.9404,28.858
26.2023,30.189
27.6173,31.007
28.3273,31.454
29.9983,32.575
30.9533,33.275
31.5853,33.777
33.0933,35.04
33.3953,35.307
35.0773,36.975
35.6103,37.558
36.8903,39.081
38.0483,40.687
38.9073,42.064
39.3083,42.769
39.8723,43.851
40.5513,45.342
41.1533,46.875
41.6823,48.443
42.1413,50.038
42.5373,51.653
42.7833,52.879
42.6702,54.102
42.266,55.774
0.0,55.774
16.158,39
0.0,21.448
1.6405,21.471
3.2307,21.758
5.155,22.019
6.402,22.454
10.235,23.573
11.82,24.076
14.984,25.179
17.841,26.279
18.1429,26.54
20.645,27.537
20.951,27.687
22.518,28.539
23.55,29.03
25.765,30.182
27.174,31.004
27.88,31.452
29.543,32.578
30.493,33.28
31.122,33.783
32.62,35.05
32.92,35.318
34.59,36.99
35.12,37.574
36.0609,39.099
36.2949,39.413
37.538,40.706
38.39,42.083
38.788,42.787
39.348,43.869
40.3491,45.358
40.9461,46.89
41.4701,48.456
41.9261,50.048
42.3191,51.661
42.5641,52.884
42.514,54.515
42.0419,55.774
0.0,55.774
16.18,38
0.0,21.46
4.8861,21.755
6.1441,22.137
7.3621,22.642
10.9051,23.571
12.1631,24.074
15.3261,25.177
18.1831,26.277
18.8131,26.539
20.9871,27.536
21.2931,27.686
22.8591,28.539
23.8911,29.029
26.1061,30.181
27.5141,31.004
28.2201,31.452
29.8831,32.578
30.8331,33.281
31.4611,33.784
32.9591,35.051
33.2591,35.319
34.9281,36.991
35.4571,37.575
36.7261,39.1
36.9601,39.414
37.8751,40.707
38.7261,42.084
39.1241,42.788
39.8601,44.237
40.5121,45.739
41.0901,47.28
41.4771,48.457
41.9331,50.049
42.3251,51.661
42.5701,52.884
42.52,54.515
42.0479,55.774
0.0,55.774
17.172,47
0.0,5.3675
1.0193,5.7349
1.3122,6.234
1.6402,6.89
1.9682,8.202
1.6401,9.514
1.3121,10.499
0.6561,11.155
0.0,11.552
0.0,20.995
4.9792,21.138
5.9122,21.479
6.1742,21.76
7.4222,22.23
9.6432,22.917
11.5562,23.477
13.1372,23.989
16.2962,25.104
19.4622,26.345
19.7742,26.481
21.9402,27.489
22.2442,27.641
23.8052,28.504
24.8272,28.999
27.0192,30.163
28.4112,30.994
29.1092,31.446
30.7492,32.583
31.6842,33.293
32.3032,33.8
34.1033,35.078
34.3973,35.348
36.0343,37.03
36.5533,37.617
37.7953,39.148
38.9183,40.758
39.7503,42.134
40.6863,43.918
41.3433,45.404
41.9273,46.931
42.4393,48.491
42.8853,50.076
43.2693,51.681
43.3071,52.898
43.3071,54.521
43.3071,55.774
0.0,55.774
18.383,50
0.0,3.6844
1.4624,4.0967
1.9564,5.0558
2.2284,6.028
2.2484,6.06
2.2563,6.1038
2.2712,8.165
2.3072,9.626
2.0182,10.653
1.9792,10.877
1.8102,11.093
0.0,12.474
0.0,19.397
6.0331,20.659
8.3133,21.773
8.8263,22.004
10.0053,22.463
12.7723,23.381
14.8913,24.118
17.6243,25.115
21.4993,26.726
24.4883,28.239
25.0973,28.536
26.8153,29.44
27.5833,29.859
29.3593,30.941
31.2273,32.214
32.2763,33.006
32.8793,33.498
34.2463,34.688
34.6673,35.073
35.6653,36.102
36.5823,37.082
36.8293,37.365
37.6913,38.438
38.2423,39.159
38.6623,39.766
39.3973,40.875
40.2503,42.352
41.0413,43.902
41.6403,45.276
42.1503,46.627
42.6033,47.993
43.0103,49.395
43.3071,50.825
43.3071,52.267
43.3071,53.368
43.3071,54.868
43.3071,55.774
0.0,55.774
19.59,50
0.0,3.4777
1.6124,4.0998
2.0553,5.0318
2.1603,5.4939
2.1983,5.5589
2.5443,6.631
2.9023,8.128
2.6442,9.737
2.3962,10.807
2.3362,11.234
2.1912,11.474
1.4122,13.073
0.0,13.943
0.0,17.572
4.8422,18.199
8.4903,21.198
8.7293,21.348
9.2513,21.639
10.1644,21.912
10.7793,22.286
17.7533,24.786
21.6543,26.393
25.2673,28.185
26.9983,29.096
27.7793,29.532
29.5663,30.621
31.4483,31.895
32.5223,32.705
33.1273,33.198
34.5003,34.395
34.9363,34.799
35.9393,35.835
36.8623,36.834
37.1093,37.118
37.9753,38.207
38.5383,38.953
38.9553,39.562
39.6963,40.694
40.5513,42.194
41.3423,43.769
41.9373,45.149
42.4463,46.514
42.8983,47.896
43.3033,49.313
43.3071,50.756
43.3071,52.211
43.3071,53.321
43.3071,54.827
43.3071,55.774
0.0,55.774
22.005,58
0.0,2.5591
2.2395,3.4508
3.2973,5.24
3.3355,5.41
3.4125,5.541
3.5055,5.733
3.7755,6.372
3.9295,6.976
4.1635,8.054
3.9764,9.96
3.8064,11.115
3.7074,11.949
3.6084,12.235
3.5705,14.555
3.6185,15.382
3.6945,16.202
3.8805,17.379
5.8935,20.049
7.0958,20.267
7.3298,20.478
7.5798,20.677
7.8558,20.863
10.0702,21.194
10.6852,21.488
11.5952,21.883
12.7802,22.342
17.6842,24.127
21.6352,25.728
24.6732,27.18
25.2802,27.483
27.0342,28.41
27.8422,28.877
28.6952,29.41
29.6522,29.982
31.5632,31.257
32.6872,32.104
33.2942,32.596
34.6812,33.81
35.1462,34.25
36.1582,35.303
37.0962,36.337
37.3402,36.624
38.2152,37.747
38.8002,38.541
39.2122,39.154
39.9652,40.333
40.8262,41.877
41.6182,43.502
42.2022,44.894
42.7093,46.287
43.1603,47.702
43.3071,49.148
43.3071,50.617
43.3071,52.098
43.3071,53.225
43.3071,54.745
43.3071,55.774
0.0,55.774
26.834,67
0.0,1.1352
2.8375,2.4789
4.1011,3.1487
4.6096,3.7696
4.7025,4.101
4.8555,4.5199
4.9995,4.8219
5.1335,5.489
5.2535,5.854
5.4645,6.674
5.7015,7.906
5.8755,9.165
5.9835,10.406
6.0035,11.144
5.9715,11.73
5.7935,13.379
5.7875,13.758
5.8275,14.555
5.9225,15.382
5.9895,15.8
6.0745,16.202
6.3075,16.997
6.4475,17.379
6.6045,17.75
6.7795,18.106
6.9745,18.443
7.1905,18.754
7.3105,18.897
7.4375,19.032
9.9942,19.6071
10.5932,19.8301
10.8242,19.891
11.7002,20.405
13.2292,20.957
15.0542,21.797
17.8722,22.809
21.5981,24.398
24.7011,25.768
27.1071,27.037
28.2951,27.568
28.8111,28.117
29.8241,28.703
31.4561,29.756
31.7911,29.981
33.0161,30.901
33.9562,31.393
35.3692,32.639
35.8942,33.152
37.2533,34.237
38.2193,35.344
38.4583,35.635
39.3513,36.825
39.9803,37.718
40.3823,38.338
41.1593,39.611
42.0313,41.245
42.8253,42.968
43.3071,44.384
43.3071,45.835
43.3071,47.315
43.3071,48.818
43.3071,50.339
43.3071,51.873
43.3071,53.035
43.3071,54.581
43.3071,55.774
0.0,55.774
41.9948,67
0.0,0.2916
4.3815,0.6368
4.9203,0.8089
5.6241,0.9684
6.3223,1.0535
8.599,3.0442
8.7293,3.2964
8.8752,3.6333
9.2521,3.754
9.7235,4.5004
10.6835,6.4802
11.0912,7.7793
11.4186,8.9424
11.5983,9.6237
11.7246,10.1531
12.2714,11.1895
12.3749,11.519
12.5396,12.0649
12.6814,12.5084
12.735,12.6753
12.9071,13.024
13.2771,13.7351
13.4679,14.086
13.5343,14.224
13.6536,14.4232
13.7037,14.5098
13.7591,14.5897
13.7965,14.6338
13.92,14.7718
14.4902,15.0345
15.058,15.2851
15.8543,15.754
16.3456,16.1886
16.8563,16.5043
19.0048,17.7525
20.6991,18.8364
24.215,20.5947
27.1182,21.9485
29.5693,23.1196
30.4673,23.5682
31.3565,24.0192
32.6124,24.6565
34.3036,25.5973
34.6534,25.7941
36.2889,26.8456
36.9338,27.2866
38.5205,28.8117
39.4874,29.7401
40.8549,31.3024
41.9857,32.9034
42.1887,33.2158
43.1,34.8828
43.3071,36.168
43.3071,37.1051
43.3071,38.6748
43.3071,40.552
43.3071,42.4549
43.3071,44.0021
43.3071,45.5581
43.3071,47.1032
43.3071,48.6729
43.3071,50.2058
43.3071,51.7952
43.3071,53.0344
43.3071,54.5805
43.3071,55.774
0.0,55.774
41.998,60
0.0,0.2914
3.3896,0.6548
3.9314,0.8292
4.5998,1.001
5.2607,1.1164
7.4519,3.1101
7.6004,3.3878
7.7489,3.7183
7.7929,3.8271
8.2549,4.5762
9.1955,6.5354
9.6001,7.8297
9.9259,8.9901
10.1035,9.6674
10.2277,10.1922
10.7532,11.2517
10.8576,11.5847
11.0382,12.1584
11.189,12.6023
11.2451,12.7678
11.4201,13.119
11.8292,13.8647
12.0302,14.2111
12.1001,14.3456
12.2234,14.5409
12.2753,14.6257
12.3394,14.711
12.3773,14.7545
12.5022,14.8909
12.7696,15.164
13.0089,15.4043
13.4831,15.8628
13.9788,16.2908
14.4879,16.6089
16.3301,17.8458
18.3576,18.9261
21.8784,20.6805
24.78,22.0357
27.2271,23.2095
28.1248,23.6586
29.0095,24.1099
30.2624,24.7515
31.9427,25.6974
32.2912,25.8962
33.9086,26.9507
34.55,27.396
36.126,28.9024
37.0818,29.8355
38.4297,31.3932
39.5431,32.9832
39.7436,33.2969
40.6426,34.9546
41.2096,36.2324
41.565,37.1652
42.1081,38.7268
42.6818,40.6302
43.1837,42.5128
43.2302,44.0278
43.3071,45.315
0.0,45.315
42.0276,58
0.0,0.2898
2.7429,0.6328
3.2816,0.8038
3.6577,0.9623
4.0284,1.0469
5.6521,3.041
5.7825,3.2931
5.9284,3.6293
5.9771,3.7495
6.4491,4.4957
7.4106,6.4771
7.8188,7.7763
8.1467,8.9393
8.3268,9.6205
8.4534,10.1497
8.6729,11.1848
8.7767,11.5141
8.9416,12.0595
9.0836,12.5022
9.1371,12.6685
9.3094,13.0171
9.6798,13.728
9.8706,14.0789
9.9368,14.2164
10.056,14.4152
10.1058,14.5013
10.1609,14.5806
10.198,14.6245
10.3216,14.7626
10.5637,15.0253
10.8033,15.276
11.2713,15.745
11.7618,16.1795
12.271,16.4947
14.0908,17.7438
16.1113,18.8278
19.626,20.5865
22.5288,21.9402
24.9801,23.1111
25.8781,23.5595
26.7674,24.0103
28.0238,24.6478
29.7151,25.5883
30.065,25.785
31.7014,26.8368
32.3464,27.2777
34.2622,28.8034
35.2301,29.7327
36.5983,31.2961
37.7294,32.8981
37.9324,33.2106
38.8437,34.8786
39.4181,36.1647
39.7771,37.1024
40.3256,38.6728
40.874,40.5505
43.3071,45.315
0.0,45.315
47.236,49
0.0,0.0
3.0479,0.0
3.563,0.0
4.0062,0.0
4.4721,0.0
5.3932,0.8979
5.9371,1.5119
6.4631,2.278
6.7257,2.769
6.9,3.028
7.128,3.297
7.755,4.147
8.262,5.042
8.55,5.675
8.93,6.653
9.979,9.608
10.259,10.265
10.684,11.204
10.842,11.515
11.754,13.005
11.854,13.15
13.245,14.731
13.371,14.846
15.275,16.397
17.658,17.896
17.949,18.068
20.777,19.526
21.416,19.836
27.489,22.636
28.442,23.092
31.245,24.569
33.61,26.095
33.899,26.298
35.524,27.636
35.768,27.847
36.014,28.086
37.199,29.334
37.437,29.603
38.469,30.985
38.672,31.281
39.55,32.754
40.287,34.301
40.902,35.897
41.416,37.556
41.83,39.215
42.172,40.907
42.454,42.609
43.307,45.315
0.0,45.315
47.258,42
0.0,0.0
3.049,0.0
3.5641,0.0
4.2791,0.0
4.633,0.0
5.9392,1.592
6.4633,2.328
6.756,2.872
7.021,3.16
7.726,4.092
8.21,4.938
8.613,5.818
8.96,6.723
9.471,8.191
10.071,9.832
10.799,11.422
11.812,13.082
11.932,13.235
13.236,14.705
15.033,16.193
15.345,16.428
17.681,17.899
18.005,18.088
21.154,19.708
28.019,22.875
31.195,24.531
31.368,24.629
33.865,26.258
35.708,27.779
35.854,27.913
37.351,29.499
38.544,31.079
39.565,32.771
40.329,34.383
40.955,36.036
41.519,37.925
41.887,39.457
42.193,41.003
42.447,42.558
42.979,44.314
43.143,45.315
0.0,45.315
68.242,39
0.0,0.0
6.9401,0.0
7.8509,0.0
8.701,0.0
9.0069,0.0
10.1701,1.09
10.951,1.631
11.99,2.245
12.994,2.944
14.028,3.783
15.139,4.826
16.245,6.0
18.422,8.406
19.829,9.87
20.701,10.72
21.916,11.801
22.544,12.317
23.218,12.805
24.515,13.773
26.921,15.309
32.195,18.552
34.233,19.967
34.566,20.214
36.334,21.645
37.664,22.939
37.954,23.232
38.756,24.17
39.282,24.822
40.195,26.175
40.995,27.609
41.673,29.104
41.828,29.483
42.339,31.041
42.712,32.636
42.97,34.253
43.138,35.882
43.307,37.912
43.307,45.315
0.0,45.315
87.566,40
0.0,0.0
11.1475,0.0
12.1176,0.0
13.4827,0.0
14.0258,0.0
15.0591,0.5085
15.105,0.537
15.311,0.609
15.719,0.775
16.548,1.025
17.349,1.342
18.743,1.931
19.517,2.309
20.281,2.712
21.219,3.241
21.959,3.692
23.233,4.509
24.638,5.489
26.02,6.514
32.647,11.706
34.665,13.361
34.83,13.505
35.301,13.959
36.438,14.983
36.592,15.136
38.076,16.732
39.159,18.049
39.315,18.254
40.309,19.68
41.293,21.369
42.05,22.947
42.476,24.133
42.484,24.159
42.632,24.568
42.69,24.777
42.986,26.262
43.207,27.764
43.307,29.305
43.307,45.315
0.0,45.315
106.89,30
0.0,0.0
17.9571,0.0
20.5686,0.0
20.9507,0.0
21.1238,0.0
22.6611,0.479
22.8841,0.526
24.021,0.925
25.34,1.374
26.175,1.692
27.02,2.043
27.855,2.415
29.499,3.217
29.903,3.43
31.296,4.215
32.649,5.064
33.772,5.845
34.864,6.688
36.587,8.203
38.017,9.706
38.321,10.054
39.459,11.506
40.605,13.233
41.499,14.843
42.224,16.475
42.758,18.048
43.071,19.622
43.307,20.976
43.307,45.315
0.0,45.315
126.213,41
0.0,0.0
24.5749,0.0
26.3589,0.0
26.5919,0.0
27.0759,0.0
27.648,0.243
27.769,0.245
27.888,0.26
28.353,0.371
29.06,0.482
29.295,0.527
30.452,0.805
32.045,1.245
32.263,1.317
33.824,2.007
34.268,2.185
35.348,2.694
35.962,3.06
36.602,3.396
36.806,3.527
37.39,3.948
37.598,4.072
37.797,4.206
38.877,5.165
39.186,5.52
39.538,5.855
39.698,6.037
40.516,7.232
40.674,7.416
40.822,7.607
41.501,8.884
41.742,9.297
41.845,9.514
42.37,10.861
42.534,11.31
42.929,12.694
42.974,12.929
43.207,14.61
43.307,16.511
43.307,45.315
0.0,45.315
145.537,28
0.0,0.0
31.1465,0.0
33.4608,0.0
33.6277,0.0
34.0757,0.0
35.177,0.493
35.8121,0.63
35.9731,0.69
36.4461,0.824
37.269,1.256
38.174,1.657
38.623,1.879
39.05,2.127
39.72,2.603
39.851,2.707
40.222,3.039
40.567,3.397
41.183,4.164
41.328,4.366
41.889,5.28
42.385,6.327
42.476,6.557
42.919,7.975
42.979,8.215
43.215,9.68
43.307,11.159
43.307,45.315
0.0,45.315
164.861,25
0.0,0.0
36.8777,0.0
37.1267,0.0
37.7008,0.0
37.9408,0.0
39.3701,0.776
39.656,0.934
40.209,1.235
40.42,1.374
40.621,1.526
40.814,1.687
41.188,2.029
41.535,2.397
41.849,2.782
41.997,2.985
42.136,3.195
42.383,3.636
42.712,4.317
42.892,4.788
43.101,5.514
43.156,5.758
43.214,6.134
43.307,6.51
43.307,45.315
0.0,45.315
184.185,21
0.0,0.0
38.4459,0.0
39.0249,0.0
39.3701,0.0
39.5089,0.0
40.2854,0.3439
40.6037,0.4669
40.8465,0.7339
41.126,1.0339
41.51,1.3699
41.69,1.5489
41.862,1.7369
42.173,2.1289
42.454,2.5509
42.577,2.7719
42.685,3.0009
43.174,4.4399
43.23,5.014
43.307,6.786
43.307,45.315
0.0,45.315
203.509,21
0.0,0.0
38.4479,0.0
39.026,0.0
39.3701,0.0
39.8359,0.0
40.2854,0.3419
40.8465,0.7319
41.129,1.0309
41.512,1.3669
41.865,1.7339
42.175,2.1269
42.456,2.5489
42.58,2.7699
42.688,2.9989
42.78,3.2349
43.174,4.4389
43.23,5.013
43.25,5.265
43.307,6.784
43.307,45.315
0.0,45.315
222.832,21
0.0,0.0
38.4478,0.0
39.0259,0.0
39.3701,0.0
39.8359,0.0
40.2854,0.3445
40.6037,0.4659
40.8465,0.7349
41.1253,1.0334
41.865,1.7339
42.175,2.1269
42.456,2.5489
42.58,2.7699
42.688,2.9989
42.78,3.2349
43.174,4.4389
43.23,5.013
43.25,5.265
43.307,6.784
43.307,45.315
0.0,45.315
242.156,21
0.0,0.0
38.4478,0.0
39.0259,0.0
39.3701,0.0
39.8359,0.0
40.2854,0.3419
40.6037,0.4659
40.8465,0.7349
41.1253,1.0334
41.865,1.7339
42.175,2.1269
42.456,2.5489
42.58,2.7699
42.688,2.9989
42.78,3.2349
43.174,4.4389
43.23,5.013
43.25,5.265
43.307,6.784
43.307,45.315
0.0,45.315
261.48,21
0.0,0.0
38.4478,0.0
39.0259,0.0
39.3701,0.0
39.8359,0.0
40.2854,0.3419
40.6037,0.4659
40.8465,0.7349
41.1253,1.0335
41.865,1.7339
42.175,2.1269
42.456,2.5489
42.58,2.7699
42.688,2.9989
42.78,3.2349
43.174,4.4389
43.23,5.013
43.25,5.265
43.307,6.784
43.307,45.315
0.0,45.315
280.804,21
0.0,0.0
38.4478,0.0
39.0259,0.0
39.3701,0.0
39.8359,0.0
40.2854,0.3419
40.6037,0.4659
40.8465,0.7349
41.1253,1.0335
41.865,1.7339
42.175,2.1269
42.456,2.5489
42.58,2.7699
42.688,2.9989
42.78,3.2349
43.174,4.4389
43.23,5.013
43.25,5.265
43.307,6.784
43.307,45.315
0.0,45.315
300.128,21
0.0,0.0
38.4478,0.0
39.0259,0.0
39.3701,0.0
39.8359,0.0
40.2854,0.3419
40.6037,0.4659
40.8465,0.7349
41.1253,1.0335
41.865,1.7339
42.175,2.1269
42.456,2.5489
42.58,2.7699
42.688,2.9989
42.78,3.2349
43.174,4.4389
43.23,5.013
43.25,5.265
43.307,6.784
43.307,45.315
0.0,45.315
319.451,22
0.0,0.0
38.4478,0.0
39.0259,0.0
39.3701,0.0
39.8359,0.0
40.2854,0.3419
40.6037,0.4659
40.8465,0.7349
41.1253,1.0335
41.693,1.5469
41.865,1.7339
42.175,2.1269
42.456,2.5489
42.58,2.7699
42.688,2.9989
42.779,3.2349
43.174,4.4389
43.23,5.013
43.25,5.265
43.307,6.784
43.307,45.315
0.0,45.315
338.775,21
0.0,0.0
38.4508,0.0
39.0289,0.0
39.3701,0.0
39.8359,0.0
40.2854,0.3399
40.6037,0.4659
40.8465,0.7349
41.1253,1.0335
41.868,1.7329
42.028,1.9249
42.324,2.3329
42.46,2.5469
42.584,2.7679
42.694,2.9959
42.876,3.4689
43.179,4.4349
43.232,5.01
43.307,6.275
43.307,45.315
0.0,45.315
358.099,25
0.0,0.0
38.2509,0.0
38.4298,0.0
38.6829,0.0
39.0321,0.0
39.6588,0.472
40.1903,0.8071
40.2822,0.92
40.579,1.201
40.985,1.509
41.365,1.847
41.718,2.209
42.041,2.592
42.193,2.795
42.335,3.004
42.464,3.221
42.807,3.9
42.901,4.134
42.976,4.375
43.158,5.11
43.2,5.36
43.228,5.611
43.255,6.369
43.307,45.315
0.0,45.315
377.423,26
0.0,0.0
36.7049,0.0
36.9498,0.0
37.1878,0.0
37.4188,0.0
38.301,0.669
38.746,0.908
39.59,1.451
39.993,1.759
40.733,2.427
41.085,2.785
41.416,3.154
42.025,3.951
42.161,4.162
42.514,4.825
42.616,5.054
42.698,5.29
42.83,5.775
42.935,6.263
42.971,6.51
42.988,6.76
43.025,8.261
43.025,31.281
43.307,33.283
43.307,45.315
0.0,45.316
396.747,29
0.0,0.0
32.9007,0.0
33.7287,0.0
33.9009,0.0
33.9727,0.0
35.192,0.429
35.43,0.499
36.108,0.759
36.548,0.968
36.975,1.208
37.798,1.742
38.198,2.036
38.945,2.67
39.304,3.006
39.978,3.727
40.297,4.096
40.893,4.878
41.174,5.285
41.68,6.129
41.793,6.349
41.884,6.577
42.312,7.986
42.364,8.225
42.397,8.467
42.489,9.939
42.518,33.022
43.307,38.913
43.307,45.315
0.0,45.315
416.07,36
0.0,0.0
29.6818,0.0
30.4416,0.0
30.6706,0.0
31.1117,0.0
32.206,0.509
32.325,0.56
32.673,0.757
32.886,0.837
33.1,0.903
33.318,0.993
34.171,1.429
34.986,1.907
35.954,2.598
36.702,3.2
37.052,3.522
37.721,4.195
38.353,4.916
38.928,5.668
39.454,6.472
39.574,6.678
40.317,8.178
40.415,8.396
40.851,9.764
40.909,9.996
41.077,10.939
41.145,11.41
41.188,11.885
41.241,13.317
41.219,30.98
41.259,32.903
41.71,39.098
41.735,39.338
43.307,41.003
43.307,45.315
0.0,45.315
435.394,34
0.0,0.0
25.3249,0.0
26.078,0.0
26.4517,0.0
26.9029,0.0
29.217,0.881
29.432,0.959
30.275,1.355
30.872,1.695
31.32,1.888
32.48,2.6
33.599,3.401
34.307,3.982
35.311,4.936
35.924,5.623
36.213,5.983
37.002,7.114
37.239,7.508
37.954,8.958
38.035,9.175
38.53,10.711
38.68,11.441
38.83,12.064
38.874,12.291
39.057,13.656
39.103,14.116
39.183,15.485
39.22,30.691
39.257,32.09
39.33,32.991
40.266,39.374
40.449,41.196
41.032,45.315
0.0,45.315
454.718,37
0.0,0.0
18.5853,0.0
19.8904,0.0
20.9509,0.0
22.2305,0.0
24.5997,0.903
24.6063,0.945
24.805,1.018
25.804,1.504
26.774,2.062
27.335,2.437
28.447,3.098
28.795,3.322
29.504,3.854
30.169,4.405
31.121,5.285
32.002,6.235
32.545,6.918
33.039,7.63
33.267,8.003
33.883,9.152
34.078,9.542
34.243,9.947
34.677,11.186
34.797,11.606
35.102,12.883
35.36,14.614
35.481,15.919
35.572,17.683
35.652,31.218
35.674,31.652
35.823,32.964
35.89,33.379
37.417,39.766
37.856,41.471
38.754,45.315
0.0,45.315
471.281,34
0.0,0.0
15.8929,0.0
17.0852,0.0
17.4969,0.0
18.0198,0.0
20.8192,1.415
21.5782,1.698
21.9811,1.998
22.42,2.343
22.861,2.571
23.463,2.961
24.466,3.681
25.422,4.475
26.305,5.299
26.871,5.903
27.127,6.217
28.107,7.51
28.222,7.677
28.941,8.907
29.137,9.262
29.793,10.761
30.317,12.309
30.422,12.707
30.703,13.909
30.91,15.125
31.06,16.349
31.165,17.578
31.239,19.213
31.285,30.744
31.412,32.379
31.451,32.579
31.972,34.348
35.553,45.315
0.0,45.315
475.0623,39
0.0,0.0
14.6868,0.0
15.6605,0.0
16.0117,0.0
16.5624,0.0
17.0905,0.2486
17.4425,0.4096
17.7487,0.5325
18.3316,0.8698
19.1754,1.3012
20.019,1.7492
20.4344,1.9778
21.4635,2.5361
22.0628,3.0067
22.9425,3.5956
23.7391,4.23
24.1872,4.6153
24.5265,4.9365
25.5716,6.0237
26.2184,6.7969
26.8957,7.7778
27.2226,8.2622
27.991,9.6948
28.2697,10.3214
28.8402,11.8462
29.2888,13.4371
29.3958,13.8996
29.6829,15.5504
29.8528,17.0536
29.8947,17.5239
29.9768,19.0412
30.0034,21.0185
30.0288,30.5804
30.1185,32.0401
30.1444,32.2723
30.2843,32.8437
30.2956,32.8838
35.2061,45.315
0.0,45.315
475.0656,39
0.0,0.0
14.6857,0.0
15.6593,0.0
16.0104,0.0
16.5611,0.0
17.0897,0.2488
17.442,0.4099
17.7484,0.533
18.3313,0.8703
19.1751,1.3017
20.0188,1.7498
20.4342,1.9783
21.4631,2.5367
22.0625,3.0072
22.9421,3.5962
23.7386,4.2307
24.1867,4.6159
24.5259,4.9371
25.571,6.0244
26.2177,6.7975
26.8949,7.7784
27.2218,8.2627
27.9901,9.6953
28.2688,10.3218
28.8392,11.8465
29.2878,13.4373
29.3948,13.8998
29.6818,15.5506
29.8518,17.0537
29.8936,17.524
29.9757,19.0413
30.0023,21.0185
30.0277,30.5804
30.1174,32.0402
30.1434,32.2724
30.2833,32.8439
30.2946,32.884
35.2058,45.315
0.0,45.315
482.323,39
0.0,0.0
13.0271,0.0
13.5811,0.0
13.8161,0.0
14.7482,0.0
16.6186,0.726
17.6465,1.196
18.2124,1.555
19.0934,1.959
19.9334,2.398
21.0884,2.879
21.4894,3.136
22.2544,3.677
23.3455,4.281
24.0595,4.91
24.7335,5.587
25.0555,5.94
25.3575,6.306
26.1905,7.47
26.5935,8.096
27.1395,9.085
27.3645,9.52
27.9215,10.82
28.0935,11.26
28.5345,12.616
28.8835,13.992
28.9885,14.455
29.2315,15.847
29.4055,17.26
29.4505,17.73
29.5415,19.15
29.5855,21.028
29.9146,30.59
29.9966,32.228
30.0376,32.459
30.0125,33.352
29.0612,33.469
33.8838,49.8079
0.0,49.8079
487.844,37
0.0,0.0
10.926,0.0
11.5001,0.0
12.0672,0.0
13.2573,0.0
16.1598,1.086
17.5268,1.633
18.8497,2.281
19.7097,2.771
20.5447,3.31
21.5297,4.026
22.4597,4.823
23.3137,5.687
24.0917,6.639
24.9287,7.846
25.0587,8.052
25.8707,9.561
26.4507,10.905
26.6297,11.356
27.0917,12.745
27.5677,14.612
27.8317,16.049
28.0217,17.496
28.0707,17.98
28.1737,19.435
28.2137,20.892
28.2167,30.691
28.2257,31.027
28.2947,31.826
28.3047,32.079
28.3417,32.396
28.0666,32.631
27.8925,33.089
27.7613,34.426
34.7266,48.859
35.1571,53.4777
0.0,53.4777
490.8104,38
0.0,0.0
9.6348,0.0
10.3395,0.0
10.9045,0.0
12.4525,0.0
13.4784,0.1616
13.2468,0.233
13.3397,0.2975
13.5034,0.4089
13.9158,0.4919
13.9959,0.5808
14.4011,0.7705
15.6081,1.3479
16.3878,1.7327
17.0422,2.0907
18.071,2.7581
18.5848,3.1389
19.8259,4.0061
20.3587,4.4146
21.5896,5.5192
22.4775,6.4715
23.7756,8.2827
25.0884,10.8807
25.7201,12.6248
25.8612,13.0695
26.2953,14.8032
26.7027,17.2933
26.8577,18.9844
26.8899,19.4433
26.9346,21.2262
27.3544,30.9264
27.3601,31.0689
27.51,32.1365
27.5211,32.2093
27.2249,32.4221
26.59,32.5119
35.3891,55.7742
0.0,55.7742
490.8136,38
0.0,0.0
9.9615,0.0
10.9944,0.0
11.5593,0.0
11.7951,0.0
12.1652,0.1617
12.2618,0.2332
12.6829,0.2978
12.8468,0.4093
12.9312,0.4925
13.0113,0.5814
13.4165,0.7712
14.6236,1.3487
15.4032,1.7335
16.0575,2.0915
17.0863,2.7589
17.6001,3.1397
18.841,4.007
19.3737,4.4155
20.6045,5.5201
21.4923,6.4724
22.7902,8.2835
24.1029,10.8813
24.7345,12.6253
24.8755,13.0699
25.3096,14.8035
25.717,17.2935
25.872,18.9845
25.9042,19.4434
25.9489,21.2262
26.3691,30.9264
26.3749,31.069
26.5249,32.1365
26.2078,32.2094
25.9117,32.4222
25.933,32.512
35.3887,55.7742
0.0,55.7742
504.408,38
0.0,0.0
3.7161,0.0
5.0193,0.0
5.5745,0.0
6.9315,0.0
8.996,0.9022
9.2068,1.301
10.0538,1.661
10.9677,2.283
11.4386,2.747
11.8855,3.243
12.2625,3.507
13.3575,4.35
14.0455,4.952
14.3845,5.269
15.0235,5.926
15.6115,6.63
16.4185,7.76
16.6715,8.133
17.3395,9.33
17.7565,10.165
18.2845,11.408
18.8805,13.135
19.2395,14.453
19.3525,14.907
19.6245,16.253
19.8945,18.058
20.0165,19.399
20.0475,19.858
20.4146,21.228
23.7034,31.033
23.7204,31.261
24.1954,32.4
24.2364,32.631
23.9723,32.84
23.4001,33.043
34.4292,55.774
0.0,55.774
511.309,47
0.0,0.1476
1.5978,0.2264
3.7726,1.214
4.3566,1.485
4.7626,1.647
5.2265,2.001
6.0624,2.602
7.1814,3.282
8.2414,4.069
8.9674,4.563
9.1364,4.705
9.4574,5.003
9.7944,5.279
10.5884,6.062
10.7204,6.221
11.3424,7.105
11.8824,7.788
12.4844,8.423
12.6124,8.599
12.9134,9.212
13.3614,9.941
13.4644,10.128
13.5564,10.32
13.8004,10.925
14.1854,11.706
14.2654,11.907
14.5334,12.716
14.7754,13.341
15.0634,14.388
15.1924,14.805
15.5744,16.5
15.8934,18.7439
16.0174,19.6319
16.4115,21.3539
18.7761,30.0479
19.0962,30.7039
19.1062,30.9259
19.4653,31.464
19.5513,31.888
19.5823,32.104
19.6193,32.542
19.6563,32.757
19.3632,32.858
19.4102,32.956
18.986,33.329
32.5875,55.774
0.0,55.774
516.83,64
0.0,1.3222
2.9715,2.208
3.7765,2.775
4.8975,3.696
5.6535,4.275
5.8285,4.438
6.1595,4.778
6.5095,5.086
6.9994,5.949
7.4625,6.122
7.5865,6.305
7.9515,6.901
8.5015,7.632
8.6485,7.806
8.8085,7.968
8.9964,8.0989
9.0704,8.1849
9.4615,8.605
9.5585,8.809
9.6425,9.021
9.7385,9.226
9.8515,9.421
10.2445,9.984
10.3565,10.175
10.4515,10.376
10.6835,11.014
10.7875,11.215
11.0185,11.607
11.1215,11.808
11.2035,12.018
11.3265,12.476
11.3925,12.671
11.6675,13.288
11.7495,13.497
11.8115,13.713
11.9145,14.149
12.0495,14.574
12.2045,14.995
12.2665,15.209
12.4165,15.916
12.6365,16.719
12.6735,16.941
12.7945,18.043
12.9855,19.341
13.1315,20.009
13.1605,20.235
13.1975,21.098
13.2415,21.536
13.7036,26.375
14.3488,28.525
15.285,30.59
15.5781,31.212
15.9142,31.419
15.9602,31.615
16.0222,31.809
16.0682,32.006
16.8433,33.281
16.8883,33.368
16.9203,33.46
16.9723,33.647
17.0383,33.816
17.2291,35.572
30.6338,55.774
0.0,55.774
520.971,47
0.0,1.8799
4.2237,4.32
4.9707,5.091
5.6098,5.7961
6.0697,6.285
6.4207,7.057
6.8826,7.74
7.0326,7.928
7.3666,8.562
7.4926,8.765
7.9106,9.362
8.0326,9.563
8.1466,9.79
8.4106,10.44
8.5216,10.652
8.7646,11.069
8.8746,11.282
8.9656,11.502
9.1106,11.981
9.1846,12.186
9.5676,13.055
9.7586,13.733
10.1486,14.837
10.3106,15.514
10.5746,16.402
10.6196,16.631
10.7756,17.771
11.0006,19.108
11.1656,19.806
11.1996,20.039
11.2556,20.932
11.3096,21.385
11.4026,23.205
11.4526,24.561
11.1435,25.9
11.1335,26.798
11.1045,27.3079
11.3836,28.1499
12.844,30.438
13.0881,31.013
13.0791,31.203
13.4402,32.271
13.4352,32.36
14.8233,34.916
14.3901,35.365
29.1,55.774
0.0,55.774
523.732,40
0.0,3.4416
3.8175,6.348
4.6818,7.064
4.7573,7.262
4.8491,7.1449
5.3249,7.906
5.758,8.747
5.8065,8.958
5.9265,9.175
6.2415,9.864
6.7295,10.748
6.8295,10.977
7.0805,11.684
7.4855,12.59
7.7055,13.29
8.1285,14.432
8.4595,15.586
8.6045,16.042
8.6585,16.278
9.0195,18.381
9.2805,19.542
9.3195,19.781
9.3925,20.698
9.4515,21.163
9.5655,23.027
9.6055,23.952
9.6265,24.872
9.6135,26.223
9.5365,27.515
9.3895,28.727
9.2635,29.479
9.0255,30.551
8.9715,30.727
9.0895,31.965
9.1025,33.03
10.4908,34.102
11.7211,34.593
20.3015,47.219
27.8573,55.774
0.0,55.774
525.801,39
0.0,4.4882
3.6675,7.535
4.3315,8.706
4.777,9.906
5.0952,10.817
5.2174,11.164
5.6164,12.241
6.0014,13.565
6.3464,14.484
6.6364,15.455
6.9264,16.63
7.1084,17.2938
7.3434,18.2547
7.5024,19.2997
7.5474,19.3296
7.5204,19.5555
7.6164,20.0282
7.9345,23.7221
7.9575,23.932
7.8305,25.0402
7.7775,25.6572
7.6675,26.4223
7.6585,26.448
7.4885,27.105
7.2735,27.697
6.9415,28.53
6.4105,29.34
5.8456,30.274
4.9505,30.992
3.2501,32.2632
6.587,32.9842
8.8514,33.7951
10.0145,34.432
11.3966,35.758
12.2736,36.753
14.6527,39.7861
17.1979,43.2942
26.8564,55.774
0.0,55.774
526.837,38
0.0,5.0262
3.5706,7.771
4.1956,8.905
4.4136,9.323
5.4155,12.27
5.9535,13.778
6.3735,15.421
6.6475,16.356
6.9065,17.345
7.1385,18.654
7.4425,21.648
7.5155,22.638
7.5105,23.439
7.4425,24.154
7.4065,25.286
7.2945,26.132
7.0845,26.691
6.9675,27.4861
6.7735,27.9081
6.7035,28.163
6.0994,29.3422
5.7664,30.0973
5.2744,30.6703
4.8445,30.9112
4.0445,31.1591
3.1065,31.8061
2.3853,32.2911
6.3173,33.1052
8.6987,33.8771
10.6489,34.8399
11.6469,35.8409
12.542,36.7969
13.492,38.081
14.148,39.036
15.8942,41.195
17.7452,44.164
26.3536,55.774
0.0,55.774
527.356,37
0.0,5.3346
2.6965,7.399
3.3576,7.889
4.0606,9.179
4.2906,9.632
4.7505,11.0819
5.0214,11.8377
5.6304,13.8908
6.4284,16.7777
6.5494,17.3057
6.7524,18.6827
6.9054,20.4687
6.9994,22.852
7.0294,23.815
6.9994,24.674
6.8084,26.439
6.6344,27.5601
6.2344,28.5641
5.9974,28.9791
5.8974,29.3481
5.5694,29.8041
5.1764,30.1491
4.6044,30.5921
2.2794,31.7661
1.7383,32.5222
4.2651,32.8142
6.8817,33.6232
8.2849,34.0771
10.4959,35.44
11.335,36.144
12.2921,36.871
14.6612,39.777
16.1872,42.063
18.0182,44.927
18.9322,46.445
25.9385,55.774
0.0,55.774
527.615,39
0.0,5.5118
2.6165,7.474
3.6635,9.316
3.9005,9.787
5.3165,13.099
5.6324,14.6029
6.2063,17.1215
6.3953,17.8764
6.8724,21.7089
6.9424,23.1259
6.9504,23.7478
6.9084,25.291
6.8104,25.4698
6.6744,26.3588
6.4694,27.4539
6.0324,28.775
5.7744,29.187
5.6584,29.449
5.3034,29.871
4.8824,30.175
4.2694,30.553
3.3414,30.941
1.5113,31.9351
0.9562,32.2271
2.8608,32.8462
5.9056,33.5902
7.9078,34.2931
9.9039,35.765
10.792,36.448
11.466,37.222
12.171,38.151
13.176,39.078
13.934,40.148
15.8421,42.497
17.6631,45.308
18.49,46.657
21.2641,50.962
25.7305,55.774
0.0,55.774
527.677,42
0.0,5.5774
2.2684,7.493
2.5694,7.963
3.3194,9.349
3.5574,9.824
4.3924,11.721
4.9814,13.165
5.6324,15.023
6.2033,17.8917
6.3883,19.3107
6.5353,21.1927
6.6003,23.599
6.6033,24.546
6.5583,25.44
6.4573,26.284
6.3133,27.154
6.1013,27.915
5.8233,28.56
5.6553,28.905
5.3923,29.315
5.2733,29.552
4.9113,29.966
4.4833,30.26
3.8613,30.623
2.9433,31.045
1.2543,31.86
0.0,32.151
0.0,32.395
5.3705,33.6492
7.8168,34.3451
10.497,35.843
11.3961,36.521
12.0811,37.306
12.797,38.233
13.4781,39.157
14.2451,40.237
15.8371,42.602
17.657,45.4
18.463,46.708
21.2432,50.6939
25.6806,55.774
0.0,55.774
527.743,41
0.0,5.6266
2.2484,7.512
2.5424,7.978
3.3024,9.384
3.5424,9.863
4.3864,11.784
4.9724,13.235
5.6334,15.121
5.9663,17.0077
6.0933,17.5027
6.1993,18.0107
6.3813,19.4387
6.5273,22.325
6.5863,23.752
6.5833,24.695
6.5353,25.596
6.4323,26.45
6.2793,27.3
6.1763,27.686
6.0593,28.054
5.7763,28.706
5.6043,29.041
5.2123,29.66
4.8443,30.066
4.4083,30.35
3.7763,30.696
0.0,32.125
0.0,32.4749
4.8244,33.7112
7.7208,34.3991
10.102,35.925
11.382,37.395
12.11,38.32
12.796,39.241
13.8991,40.331
15.5051,42.712
17.6501,45.497
18.4341,46.762
21.5483,51.085
25.6276,55.774
0.0,55.774
527.872,43
0.0,5.7415
2.2084,7.549
2.4894,8.007
3.2684,9.452
3.5114,9.94
4.3744,11.909
4.7524,12.89
4.9564,13.373
5.3063,14.3277
5.7613,16.2877
5.9633,17.2407
6.0903,17.7447
6.1923,18.2467
6.3663,20.675
6.5103,22.616
6.5573,24.052
6.5443,24.988
6.4893,25.904
6.3813,26.778
6.2123,27.587
6.1033,27.971
5.9763,28.328
5.6833,28.994
5.5033,29.31
5.2243,29.718
5.0933,29.874
4.7123,30.263
4.2613,30.526
3.6093,30.84
2.6243,31.168
0.0,31.824
0.0,32.8079
7.5328,34.5071
10.578,36.749
11.297,37.57
12.048,38.49
12.743,39.407
13.535,40.516
17.6361,46.0151
18.3781,47.1961
21.5043,51.5381
25.5246,55.774
0.0,55.774
527.959,39
0.0,5.8727
2.2654,7.723
3.0854,9.21
3.8124,10.75
4.4584,12.27
4.8434,13.238
5.5604,15.26
6.0623,17.8657
6.2773,19.3937
6.3673,21.402
6.4663,22.902
6.4963,23.868
6.4903,24.851
6.4373,25.81
6.3253,26.74
6.1193,27.684
5.9803,28.122
5.6593,28.876
5.3813,29.361
5.0963,29.756
5.0483,29.811
4.7793,30.086
4.3743,30.374
4.1293,30.508
3.6963,30.718
3.2913,30.87
0.0,31.696
0.0,33.0069
7.7307,34.951
9.0738,36.042
12.454,39.5621
13.348,40.7801
13.883,41.5511
17.292,45.82
18.305,47.486
20.7202,50.8971
23.5723,54.81
25.4436,55.774
0.0,55.774
528.045,40
0.0,5.9875
1.7814,7.3871
2.2294,7.745
3.0454,9.232
3.7684,10.77
4.4114,12.288
4.7974,13.257
5.5114,15.277
6.0123,17.8757
6.2253,19.3997
6.3153,21.405
6.4133,22.904
6.4433,23.869
6.4353,24.85
6.3813,25.807
6.2673,26.733
6.0593,27.668
5.9213,28.101
5.5973,28.849
5.3233,29.322
5.0403,29.709
4.9923,29.765
4.7263,30.034
4.3373,30.312
4.0983,30.444
3.6653,30.654
2.2283,31.186
0.0,31.606
0.0,33.2099
6.9726,35.3741
8.6427,36.4661
11.6988,39.6361
12.928,40.8451
14.135,42.5701
16.8939,46.1921
18.234,47.8541
19.997,50.607
23.1852,54.845
25.3636,55.774
0.0,55.774
528.219,41
0.0,6.1581
2.1564,7.79
2.9634,9.276
3.6784,10.809
4.3154,12.325
4.7034,13.297
5.2464,14.815
5.4114,15.312
5.9103,17.8967
6.1203,19.4127
6.2093,21.413
6.3063,22.907
6.3343,23.873
6.3243,24.848
6.2663,25.8
6.1483,26.718
5.9393,27.633
5.7993,28.057
5.4703,28.793
5.2053,29.241
4.9273,29.614
4.8783,29.669
4.6183,29.928
4.2633,30.184
4.0353,30.312
3.6023,30.524
2.1793,31.064
0.0,31.423
0.0,33.7389
6.7656,35.5681
8.4327,36.6631
11.1707,39.7881
12.4138,40.9791
12.9618,41.7311
14.7619,43.8191
17.0791,46.6102
18.0891,47.9371
20.1882,50.685
23.3933,54.916
25.2016,55.774
0.0,55.774
528.563,42
0.0,6.5059
1.3562,7.878
2.2223,8.87
2.4743,9.363
3.1723,10.887
4.1893,13.376
4.7273,14.882
4.8863,15.381
5.3812,17.9377
5.5832,19.4377
5.6712,20.4447
5.7662,22.914
5.7912,23.88
5.7752,24.845
5.7102,25.786
5.5842,26.689
5.3712,27.565
5.2292,27.971
5.0602,28.353
4.8912,28.682
4.6432,29.081
4.3742,29.425
4.3252,29.479
4.0772,29.719
3.7872,29.93
3.5812,30.052
3.1502,30.267
1.7552,30.822
0.0,31.135
0.0,34.5109
6.3547,35.623
10.4467,39.761
11.7158,41.2421
12.2818,41.9691
12.9838,42.9061
14.1239,44.0231
16.1399,46.4591
17.474,48.1001
19.5891,50.839
23.4833,55.058
24.8806,55.774
0.0,55.774
529.253,48
0.0,7.2047
1.0682,8.055
1.9093,9.039
2.1503,9.537
2.8143,11.044
3.8163,13.533
4.3463,15.015
4.4903,15.519
4.8533,17.009
4.9772,18.0197
5.1662,19.8158
5.2512,20.4757
5.3422,22.928
5.3602,23.894
5.3332,24.839
5.2552,25.759
5.1902,26.217
5.1122,26.631
5.0122,27.038
4.8912,27.429
4.7452,27.799
4.5772,28.141
4.3882,28.461
4.1752,28.761
3.9252,29.048
3.8732,29.1
3.6482,29.299
3.4912,29.423
3.3302,29.53
3.1202,29.647
2.9022,29.751
2.6252,29.856
0.0,30.512
0.0,35.5688
2.907,35.7348
7.5087,37.1749
10.3079,40.363
11.3038,41.443
11.9038,42.119
12.6528,43.024
13.8289,44.104
14.6879,45.249
15.9019,46.487
17.2271,48.099
20.0303,51.148
23.6625,55.342
24.2366,55.774
0.0,55.774
530.633,43
0.0,8.5007
3.1834,13.302
3.6854,14.691
3.9694,15.705
4.2623,17.2477
4.3723,17.7677
4.5773,19.5888
4.6323,20.75
4.7383,22.243
4.7673,23.228
4.7503,24.198
4.6743,25.135
4.6113,25.591
4.5233,26.049
4.4203,26.459
4.2883,26.86
4.1263,27.24
3.9343,27.593
3.7123,27.916
3.4583,28.211
3.1813,28.479
2.8543,28.728
2.7413,28.8
2.5003,28.938
2.2203,29.067
2.0993,29.116
1.6403,29.248
1.2413,29.307
0.0,29.318
0.0,39.7319
3.9411,40.4379
5.3272,40.9419
10.6778,43.4239
12.499,44.2259
13.6962,45.1159
14.3902,45.5768
15.1554,46.369
16.4215,47.682
17.7095,49.101
19.5976,51.5
21.4796,53.729
23.1407,55.774
0.0,55.774
532.013,35
0.0,10.1411
2.7014,14.6761
3.1895,15.8533
3.2654,16.0799
3.4613,16.9637
3.6057,18.1489
3.6203,18.3536
3.6763,20.508
3.7783,22.023
3.7963,23.02
3.7603,24.0
3.6563,24.943
3.5733,25.399
3.4613,25.855
3.3303,26.261
3.1643,26.654
2.9653,27.021
2.7313,27.357
2.4633,27.657
2.1623,27.926
1.8383,28.16
1.4613,28.372
0.0,28.511
0.0,42.795
10.7676,44.18
13.794,45.6
14.51,46.28
15.336,47.142
16.702,48.657
18.071,50.353
18.883,51.417
20.06,52.868
21.0799,54.208
22.1899,55.774
0.0,55.774
532.703,33
0.0,10.7972
1.1723,11.5128
2.5455,14.172
2.7075,14.696
2.7884,15.2617
3.1464,17.4709
3.2524,18.333
3.4664,19.862
3.5214,20.379
3.6184,21.904
3.6294,22.908
3.5834,23.893
3.4654,24.838
3.3724,25.295
3.2494,25.75
3.1044,26.158
2.9574,26.486
2.9274,26.543
2.7134,26.904
2.4634,27.23
2.1774,27.52
1.8604,27.775
1.5724,27.963
0.0,28.084
0.0,44.326
14.6128,47.1737
17.1291,50.08
18.152,51.2639
18.68,52.143
19.3609,52.9709
20.3839,54.562
21.2869,55.774
0.0,55.774
533.393,32
0.0,11.647
0.9843,12.6807
1.8045,14.521
2.231,15.4248
2.4935,16.9908
2.6444,17.7027
2.8216,19.726
2.8872,20.247
2.8043,21.783
2.8083,22.792
2.7523,23.782
2.6973,24.259
2.6203,24.73
2.5203,25.187
2.3863,25.64
2.2333,26.042
2.1423,26.239
2.0413,26.429
1.9093,26.648
1.8073,26.791
1.5523,27.099
1.2753,27.36
0.0,27.477
0.0,46.4
8.5302,46.449
14.3763,47.801
17.1733,50.836
18.1761,52.326
19.1341,53.277
19.784,54.347
20.627,55.774
0.0,55.774
534.084,31
0.0,12.4377
1.5263,15.914
1.8723,17.491
2.0513,18.54
2.1863,19.586
2.2383,20.111
2.3043,21.144
2.3293,22.167
2.2963,23.172
2.1943,24.147
2.1113,24.619
2.0033,25.075
1.8603,25.528
1.6993,25.927
1.6023,26.122
1.4973,26.31
1.3833,26.489
1.2563,26.662
0.0,26.893
0.0,47.849
11.155,48.005
14.1093,49.711
15.5204,50.737
16.0884,51.213
17.0024,51.915
17.5483,52.608
18.2112,53.451
18.9112,54.415
19.5271,55.399
19.8391,55.774
0.0,55.774
534.774,23
0.0,12.9691
0.0999,13.0689
1.5883,18.391
1.7203,19.444
1.8073,20.492
1.8503,21.529
1.8413,22.55
1.7673,23.55
1.7013,24.032
1.6123,24.504
1.4973,24.961
1.4143,25.228
1.3393,25.434
1.2023,25.759
1.0693,26.016
0.0,26.247
0.0,49.747
9.8427,49.816
15.8961,53.501
16.7371,54.165
17.7561,55.029
18.5311,55.774
0.0,55.774
535.291,16
0.0,13.5925
1.0482,19.337
1.1342,20.389
1.1752,21.431
1.1612,22.457
1.0802,23.461
1.0092,23.944
0.9102,24.444
0.8112,24.828
0.0,25.092
0.0,51.075
8.6784,51.147
15.62,54.61
16.538,55.334
17.027,55.774
0.0,55.774
535.636,12
0.0,14.0945
0.8732,19.813
0.9442,21.312
0.9292,22.388
0.8502,23.348
0.7712,23.884
0.0,24.203
0.0,51.3939
11.1856,53.259
15.0369,55.381
15.8309,55.774
0.0,55.774
535.895,8
0.0,15.0033
0.7722,21.141
0.7572,22.326
0.6802,23.248
0.0,23.431
0.0,52.304
14.1537,55.774
0.0,55.774
536.025,6
0.0,17.0341
0.3611,21.681
0.0,22.5
0.0,52.576
13.4686,55.774
0.0,55.774
536.068,5
0.0,20.999
0.001,21.026
0.0,52.667
13.3497,55.774
0.0,55.774
536.089,3
0.0,52.712
13.6178,55.774
0.0,55.774
536.154,3
0.0,52.848
12.7815,55.774
0.0,55.774
536.326,3
0.0,53.21
11.9624,55.774
0.0,55.774
536.499,4
0.0,53.573
9.8542,55.288
11.4705,55.774
0.0,55.774
536.585,4
0.0,53.754
9.3142,55.313
11.2235,55.774
0.0,55.774
536.672,3
0.0,53.935
10.6474,55.774
0.0,55.774
536.758,3
0.0,54.116
10.0723,55.774
0.0,55.774
536.844,3
0.0,54.298
9.8263,55.774
0.0,55.774
536.93,3
0.0,54.479
9.5813,55.774
0.0,55.774
537.017,3
0.0,54.66
9.3363,55.774
0.0,55.774
537.06,4
0.0,54.751
7.272,55.281
9.2133,55.774
0.0,55.774
537.103,3
0.0,54.841
8.7633,55.774
0.0,55.774
537.146,3
0.0,54.932
8.6413,55.774
0.0,55.774
537.189,3
0.0,55.023
8.1922,55.774
0.0,55.774
537.232,3
0.0,55.113
8.0702,55.774
0.0,55.774
537.275,3
0.0,55.204
7.9492,55.774
0.0,55.774
537.297,3
0.0,55.249
7.8882,55.774
0.0,55.774
537.319,3
0.0,55.295
7.8272,55.774
0.0,55.774
537.34,3
0.0,55.34
7.7662,55.774
0.0,55.774
537.362,3
0.0,55.385
7.7052,55.774
0.0,55.774
537.383,3
0.0,55.431
7.6452,55.774
0.0,55.774
537.405,3
0.0,55.476
7.5842,55.774
0.0,55.774
537.426,3
0.0,55.521
7.5232,55.774
0.0,55.774
537.448,3
0.0,55.567
7.4622,55.774
0.0,55.774
537.47,3
0.0,55.612
7.4022,55.774
0.0,55.774
537.491,3
0.0,55.657
7.3412,55.774
0.0,55.774
537.513,3
0.0,55.703
0.0623,55.774
0.0,55.774
537.534,3
0.0,55.703
0.0623,55.774
0.0,55.774
